--FIFO--
0.5656	0.5875	0.5906	0.6000	0.6188	0.6469	0.6625	0.6875	0.7312	0.7312	0.7312	0.7438	
0.7469	0.7656	0.7719	0.7781	0.7812	0.8000	0.8094	0.8094	0.8344	0.8500	0.8531	0.8656	
0.8688	0.8750	0.8750	0.8969	0.9000	

--LRU--
0.5656	0.5844	0.5938	0.6125	0.6250	0.6500	0.6813	0.7000	0.7156	0.7250	0.7406	0.7531	
0.7625	0.7688	0.7781	0.7781	0.7937	0.8094	0.8187	0.8313	0.8375	0.8656	0.8750	0.8812	
0.8875	0.8906	0.8938	0.9000	0.9000	

--OPT--
0.6562	0.6844	0.7094	0.7344	0.7562	0.7750	0.7906	0.8000	0.8094	0.8187	0.8281	0.8344	
0.8438	0.8531	0.8594	0.8656	0.8719	0.8781	0.8844	0.8875	0.8906	0.8938	0.8969	0.9000	
0.9000	0.9000	0.9000	0.9000	0.9000	

--LFU--
0.5125	0.5344	0.5437	0.5719	0.5844	0.6094	0.6344	0.6500	0.6781	0.6937	0.7125	0.7125	
0.7281	0.7469	0.7688	0.7812	0.7906	0.8031	0.8156	0.8375	0.8594	0.8688	0.8719	0.8781	
0.8781	0.8969	0.9000	0.9000	0.9000	

--CLOCK--
0.5656	0.5875	0.5906	0.6000	0.6281	0.6438	0.6656	0.6937	0.7281	0.7312	0.7312	0.7375	
0.7438	0.7688	0.7719	0.7781	0.7812	0.8031	0.8094	0.8094	0.8438	0.8500	0.8531	0.8531	
0.8719	0.8750	0.8812	0.8969	0.9000	

